####################################
###  Molecule: TYR
####################################

##########          Footprint_Similarity_Score:            0.000000
##########                      FPS_vdw_energy:          -89.196129
##########                       FPS_es_energy:          -15.677591
##########                   FPS_vdw+es_energy:         -104.873718
##########                       FPS_num_hbond:                   6
##########                         FPS_vdw_fps:            0.000000
##########                          FPS_es_fps:            0.000000
##########                          FPS_hb_fps:            0.000000
##########                   FPS_vdw_fp_numres:                 287
##########                    FPS_es_fp_numres:                 287
##########                    FPS_hb_fp_numres:                 287

 resname   resid     vdw_ref      es_ref  hb_ref    vdw_pose     es_pose hb_pose
     SER       1   -0.007007    0.180482       0   -0.007007    0.180482       0
     MET       2   -0.006004   -0.010848       0   -0.006004   -0.010848       0
     ILE       3   -0.005188   -0.007888       0   -0.005188   -0.007888       0
     THR       4   -0.018806   -0.000667       0   -0.018806   -0.000667       0
     ALA       5   -0.027068   -0.012179       0   -0.027068   -0.012179       0
     ILE       6   -0.013435   -0.010210       0   -0.013435   -0.010210       0
     THR       7   -0.017909    0.000785       0   -0.017909    0.000785       0
     ILE       8   -0.263323   -0.010553       0   -0.263323   -0.010553       0
     MET       9   -0.174611   -0.040165       0   -0.174611   -0.040165       0
     ALA      10   -0.017868   -0.007980       0   -0.017868   -0.007980       0
     LEU      11   -0.078137    0.004890       0   -0.078137    0.004890       0
     TYR      12   -3.132931   -0.102814       0   -3.132931   -0.102814       0
     SER      13   -0.034912   -0.012139       0   -0.034912   -0.012139       0
     ILE      14   -0.017479    0.001792       0   -0.017479    0.001792       0
     VAL      15   -0.065858    0.016896       0   -0.065858    0.016896       0
     CYS      16   -0.045198    0.023829       0   -0.045198    0.023829       0
     VAL      17   -0.010503   -0.001991       0   -0.010503   -0.001991       0
     VAL      18   -0.007471    0.009677       0   -0.007471    0.009677       0
     GLY      19   -0.007434    0.021325       0   -0.007434    0.021325       0
     LEU      20   -0.017578    0.008173       0   -0.017578    0.008173       0
     PHE      21   -0.003645    0.005400       0   -0.003645    0.005400       0
     GLY      22   -0.001655    0.013589       0   -0.001655    0.013589       0
     ASN      23   -0.006551    0.032259       0   -0.006551    0.032259       0
     PHE      24   -0.005464    0.006695       0   -0.005464    0.006695       0
     LEU      25   -0.001255    0.005334       0   -0.001255    0.005334       0
     VAL      26   -0.001494    0.009709       0   -0.001494    0.009709       0
     MET      27   -0.002501    0.000483       0   -0.002501    0.000483       0
     TYR      28   -0.000875    0.004848       0   -0.000875    0.004848       0
     VAL      29   -0.000492    0.005069       0   -0.000492    0.005069       0
     ILE      30   -0.000702    0.006186       0   -0.000702    0.006186       0
     VAL      31   -0.000471    0.004261       0   -0.000471    0.004261       0
     ARG      32   -0.000362    0.077110       0   -0.000362    0.077110       0
     TYR      33   -0.000308    0.001686       0   -0.000308    0.001686       0
     THR      34   -0.000235    0.001002       0   -0.000235    0.001002       0
     LYS      35   -0.000261    0.075673       0   -0.000261    0.075673       0
     MET      36   -0.000572    0.000295       0   -0.000572    0.000295       0
     LYS      37   -0.000199    0.062635       0   -0.000199    0.062635       0
     THR      38   -0.000237   -0.005216       0   -0.000237   -0.005216       0
     ALA      39   -0.000269   -0.005477       0   -0.000269   -0.005477       0
     THR      40   -0.000467   -0.007266       0   -0.000467   -0.007266       0
     ASN      41   -0.000539   -0.006074       0   -0.000539   -0.006074       0
     ILE      42   -0.000860   -0.008321       0   -0.000860   -0.008321       0
     TYR      43   -0.001857   -0.012749       0   -0.001857   -0.012749       0
     ILE      44   -0.001751   -0.012899       0   -0.001751   -0.012899       0
     PHE      45   -0.002260   -0.013078       0   -0.002260   -0.013078       0
     ASN      46   -0.003409   -0.027709       0   -0.003409   -0.027709       0
     LEU      47   -0.008687   -0.028178       0   -0.008687   -0.028178       0
     ALA      48   -0.004103   -0.021683       0   -0.004103   -0.021683       0
     LEU      49   -0.008108   -0.023819       0   -0.008108   -0.023819       0
     ALA      50   -0.017804   -0.053957       0   -0.017804   -0.053957       0
     ASP      51   -0.031685   -0.569686       0   -0.031685   -0.569686       0
     ALA      52   -0.015354   -0.028794       0   -0.015354   -0.028794       0
     LEU      53   -0.048084   -0.033134       0   -0.048084   -0.033134       0
     ALA      54   -0.169351   -0.088098       0   -0.169351   -0.088098       0
     THR      55   -0.107239   -0.046228       0   -0.107239   -0.046228       0
     SER      56   -0.075681    0.056843       0   -0.075681    0.056843       0
     THR      57   -1.088099   -0.012171       0   -1.088099   -0.012171       0
     LEU      58   -1.641908    0.026561       0   -1.641908    0.026561       0
     PRO      59   -0.249128   -0.003102       0   -0.249128   -0.003102       0
     PHE      60   -0.948030    0.039285       0   -0.948030    0.039285       0
     GLN      61  -12.476137   -1.471669       1  -12.476137   -1.471669       1
     SER      62   -1.799912    0.023163       0   -1.799912    0.023163       0
     VAL      63   -0.300908   -0.021574       0   -0.300908   -0.021574       0
     ASN      64   -2.828204   -1.849394       1   -2.828204   -1.849394       1
     TYR      65   -2.233965    0.070437       0   -2.233965    0.070437       0
     LEU      66   -0.146710   -0.000123       0   -0.146710   -0.000123       0
     MET      67   -0.066210    0.017207       0   -0.066210    0.017207       0
     GLY      68   -0.087356    0.031949       0   -0.087356    0.031949       0
     THR      69   -0.118312   -0.001251       0   -0.118312   -0.001251       0
     TRP      70   -1.944771   -0.073930       0   -1.944771   -0.073930       0
     PRO      71   -0.063339    0.008756       0   -0.063339    0.008756       0
     PHE      72   -0.137181    0.012850       0   -0.137181    0.012850       0
     GLY      73   -0.030969   -0.027924       0   -0.030969   -0.027924       0
     THR      74   -0.041323   -0.026157       0   -0.041323   -0.026157       0
     ILE      75   -0.030144   -0.020340       0   -0.030144   -0.020340       0
     LEU      76   -0.144967   -0.032877       0   -0.144967   -0.032877       0
     CYX      77   -0.712243   -0.036955       0   -0.712243   -0.036955       0
     LYS      78   -0.145639    0.216336       0   -0.145639    0.216336       0
     ILE      79   -0.140960   -0.046885       0   -0.140960   -0.046885       0
     VAL      80   -1.922655   -0.171108       0   -1.922655   -0.171108       0
     ILE      81   -5.238318   -0.252088       0   -5.238318   -0.252088       0
     SER      82   -0.217857   -0.085799       0   -0.217857   -0.085799       0
     ILE      83   -0.254580   -0.024756       0   -0.254580   -0.024756       0
     ASP      84   -2.775193  -11.737068       2   -2.775193  -11.737068       2
     TYR      85   -5.793845   -0.369627       0   -5.793845   -0.369627       0
     TYR      86   -0.133553    0.006386       0   -0.133553    0.006386       0
     ASN      87   -0.095970    0.086097       0   -0.095970    0.086097       0
     MET      88   -2.373002   -0.061168       0   -2.373002   -0.061168       0
     PHE      89   -0.317762    0.036868       0   -0.317762    0.036868       0
     THR      90   -0.025791    0.031730       0   -0.025791    0.031730       0
     SER      91   -0.028667    0.088558       0   -0.028667    0.088558       0
     ILE      92   -0.105258    0.051573       0   -0.105258    0.051573       0
     PHE      93   -0.024499    0.016941       0   -0.024499    0.016941       0
     THR      94   -0.005743    0.033176       0   -0.005743    0.033176       0
     LEU      95   -0.011837    0.025985       0   -0.011837    0.025985       0
     CYS      96   -0.005077    0.014614       0   -0.005077    0.014614       0
     THR      97   -0.002065    0.015180       0   -0.002065    0.015180       0
     MET      98   -0.002038    0.015129       0   -0.002038    0.015129       0
     SER      99   -0.001129    0.010361       0   -0.001129    0.010361       0
     VAL     100   -0.000959    0.006553       0   -0.000959    0.006553       0
     ASP     101   -0.000556   -0.097001       0   -0.000556   -0.097001       0
     ARG     102   -0.000946    0.124600       0   -0.000946    0.124600       0
     TYR     103   -0.000566    0.003459       0   -0.000566    0.003459       0
     ILE     104   -0.000334    0.003620       0   -0.000334    0.003620       0
     ALA     105   -0.000134    0.002904       0   -0.000134    0.002904       0
     VAL     106   -0.000167    0.002804       0   -0.000167    0.002804       0
     CYS     107   -0.000137    0.002579       0   -0.000137    0.002579       0
     HIE     108   -0.000169   -0.002754       0   -0.000169   -0.002754       0
     PRO     109   -0.000083   -0.000471       0   -0.000083   -0.000471       0
     VAL     110   -0.000061   -0.000323       0   -0.000061   -0.000323       0
     LYS     111   -0.000131    0.057453       0   -0.000131    0.057453       0
     ALA     112   -0.000093   -0.001352       0   -0.000093   -0.001352       0
     LEU     113   -0.000095   -0.001135       0   -0.000095   -0.001135       0
     ASP     114   -0.000100   -0.053444       0   -0.000100   -0.053444       0
     PHE     115   -0.000418   -0.001613       0   -0.000418   -0.001613       0
     ARG     116   -0.000350    0.083146       0   -0.000350    0.083146       0
     THR     117   -0.000158   -0.005236       0   -0.000158   -0.005236       0
     PRO     118   -0.000208   -0.003752       0   -0.000208   -0.003752       0
     ARG     119   -0.000272    0.063433       0   -0.000272    0.063433       0
     ASN     120   -0.000323   -0.004015       0   -0.000323   -0.004015       0
     ALA     121   -0.000360   -0.006006       0   -0.000360   -0.006006       0
     LYS     122   -0.000601    0.081245       0   -0.000601    0.081245       0
     ILE     123   -0.000597   -0.006546       0   -0.000597   -0.006546       0
     ILE     124   -0.001158   -0.007436       0   -0.001158   -0.007436       0
     ASN     125   -0.001812   -0.023361       0   -0.001812   -0.023361       0
     VAL     126   -0.001416   -0.010658       0   -0.001416   -0.010658       0
     CYS     127   -0.001619   -0.005694       0   -0.001619   -0.005694       0
     ASN     128   -0.004778   -0.011499       0   -0.004778   -0.011499       0
     TRP     129   -0.012050   -0.026527       0   -0.012050   -0.026527       0
     ILE     130   -0.003869   -0.011825       0   -0.003869   -0.011825       0
     LEU     131   -0.007996   -0.011922       0   -0.007996   -0.011922       0
     SER     132   -0.019097   -0.039488       0   -0.019097   -0.039488       0
     SER     133   -0.009505   -0.019160       0   -0.009505   -0.019160       0
     ALA     134   -0.008961    0.002680       0   -0.008961    0.002680       0
     ILE     135   -0.116350    0.007308       0   -0.116350    0.007308       0
     GLY     136   -0.031099   -0.015553       0   -0.031099   -0.015553       0
     LEU     137   -0.019479   -0.016133       0   -0.019479   -0.016133       0
     PRO     138   -0.025018    0.004238       0   -0.025018    0.004238       0
     VAL     139   -0.217308    0.032034       0   -0.217308    0.032034       0
     MET     140   -0.052886    0.011810       0   -0.052886    0.011810       0
     PHE     141   -0.020593    0.006232       0   -0.020593    0.006232       0
     MET     142   -0.066924    0.016104       0   -0.066924    0.016104       0
     ALA     143   -0.123061    0.040776       0   -0.123061    0.040776       0
     THR     144   -0.106791   -0.038499       0   -0.106791   -0.038499       0
     THR     145   -0.074340    0.031904       0   -0.074340    0.031904       0
     LYS     146   -0.039488    0.205633       0   -0.039488    0.205633       0
     TYR     147   -0.017120   -0.002204       0   -0.017120   -0.002204       0
     ARG     148   -0.063263    0.375011       0   -0.063263    0.375011       0
     GLN     149   -0.009266   -0.015285       0   -0.009266   -0.015285       0
     GLY     150   -0.004025    0.003012       0   -0.004025    0.003012       0
     SER     151   -0.020924    0.024596       0   -0.020924    0.024596       0
     ILE     152   -0.080475   -0.021649       0   -0.080475   -0.021649       0
     ASP     153   -0.434446   -0.815635       0   -0.434446   -0.815635       0
     CYX     154   -2.515047   -1.172554       1   -2.515047   -1.172554       1
     THR     155   -1.125391   -0.010588       0   -1.125391   -0.010588       0
     LEU     156   -0.841790    0.022994       0   -0.841790    0.022994       0
     THR     157   -0.046198    0.003640       0   -0.046198    0.003640       0
     PHE     158   -0.086982    0.018400       0   -0.086982    0.018400       0
     SER     159   -0.004586   -0.008052       0   -0.004586   -0.008052       0
     HIE     160   -0.003439    0.004717       0   -0.003439    0.004717       0
     PRO     161   -0.003635   -0.007336       0   -0.003635   -0.007336       0
     THR     162   -0.013576   -0.006399       0   -0.013576   -0.006399       0
     TRP     163   -0.016249   -0.019491       0   -0.016249   -0.019491       0
     TYR     164   -0.011653   -0.017163       0   -0.011653   -0.017163       0
     TRP     165   -0.029299   -0.028161       0   -0.029299   -0.028161       0
     GLU     166   -0.189170   -0.848805       0   -0.189170   -0.848805       0
     ASN     167   -0.068089   -0.040820       0   -0.068089   -0.040820       0
     LEU     168   -0.049946   -0.003338       0   -0.049946   -0.003338       0
     LEU     169   -0.694688    0.073512       0   -0.694688    0.073512       0
     LYS     170   -1.918487    1.469295       0   -1.918487    1.469295       0
     ILE     171   -0.124626   -0.000185       0   -0.124626   -0.000185       0
     CYS     172   -0.100192    0.022479       0   -0.100192    0.022479       0
     VAL     173   -2.796219   -0.024932       0   -2.796219   -0.024932       0
     PHE     174   -0.346489   -0.006187       0   -0.346489   -0.006187       0
     ILE     175   -0.047993    0.000293       0   -0.047993    0.000293       0
     PHE     176   -0.067004    0.015120       0   -0.067004    0.015120       0
     ALA     177   -0.203946    0.011795       0   -0.203946    0.011795       0
     PHE     178   -0.097642    0.004027       0   -0.097642    0.004027       0
     ILE     179   -0.022458    0.008894       0   -0.022458    0.008894       0
     MET     180   -0.010551    0.010504       0   -0.010551    0.010504       0
     PRO     181   -0.018853    0.025219       0   -0.018853    0.025219       0
     VAL     182   -0.010459    0.011655       0   -0.010459    0.011655       0
     LEU     183   -0.003352    0.006449       0   -0.003352    0.006449       0
     ILE     184   -0.003369    0.010970       0   -0.003369    0.010970       0
     ILE     185   -0.004541    0.011515       0   -0.004541    0.011515       0
     THR     186   -0.001618    0.006614       0   -0.001618    0.006614       0
     VAL     187   -0.000853    0.004792       0   -0.000853    0.004792       0
     CYS     188   -0.000691    0.004410       0   -0.000691    0.004410       0
     TYR     189   -0.001578    0.010903       0   -0.001578    0.010903       0
     GLY     190   -0.000233    0.003592       0   -0.000233    0.003592       0
     LEU     191   -0.000349    0.003362       0   -0.000349    0.003362       0
     MET     192   -0.000381    0.001949       0   -0.000381    0.001949       0
     ILE     193   -0.000329    0.003010       0   -0.000329    0.003010       0
     LEU     194   -0.000163    0.002169       0   -0.000163    0.002169       0
     ARG     195   -0.000155    0.055149       0   -0.000155    0.055149       0
     LEU     196   -0.000172    0.002724       0   -0.000172    0.002724       0
     LYS     197   -0.000122    0.060378       0   -0.000122    0.060378       0
     SER     198   -0.000048    0.002293       0   -0.000048    0.002293       0
     VAL     199   -0.000061    0.000104       0   -0.000061    0.000104       0
     ARG     200   -0.000040    0.031894       0   -0.000040    0.031894       0
     MET     201   -0.000055    0.000281       0   -0.000055    0.000281       0
     LEU     202   -0.000079   -0.000054       0   -0.000079   -0.000054       0
     SER     203   -0.000028    0.000322       0   -0.000028    0.000322       0
     GLY     204   -0.000013    0.000662       0   -0.000013    0.000662       0
     SER     205   -0.000021   -0.001505       0   -0.000021   -0.001505       0
     LYS     206   -0.000036    0.031926       0   -0.000036    0.031926       0
     GLU     207   -0.000049   -0.046536       0   -0.000049   -0.046536       0
     LYS     208   -0.000050    0.034433       0   -0.000050    0.034433       0
     ASP     209   -0.000052   -0.043962       0   -0.000052   -0.043962       0
     ARG     210   -0.000112    0.050721       0   -0.000112    0.050721       0
     ASN     211   -0.000091   -0.004026       0   -0.000091   -0.004026       0
     LEU     212   -0.000124   -0.002749       0   -0.000124   -0.002749       0
     ARG     213   -0.000156    0.045745       0   -0.000156    0.045745       0
     ARG     214   -0.000271    0.066513       0   -0.000271    0.066513       0
     ILE     215   -0.000257   -0.004212       0   -0.000257   -0.004212       0
     THR     216   -0.000259   -0.003985       0   -0.000259   -0.003985       0
     ARG     217   -0.000469    0.068495       0   -0.000469    0.068495       0
     MET     218   -0.000700   -0.008972       0   -0.000700   -0.008972       0
     VAL     219   -0.000726   -0.007452       0   -0.000726   -0.007452       0
     LEU     220   -0.000860   -0.007497       0   -0.000860   -0.007497       0
     VAL     221   -0.001420   -0.008751       0   -0.001420   -0.008751       0
     VAL     222   -0.002457   -0.012866       0   -0.002457   -0.012866       0
     VAL     223   -0.002674   -0.012665       0   -0.002674   -0.012665       0
     ALA     224   -0.002338   -0.010696       0   -0.002338   -0.010696       0
     VAL     225   -0.007925   -0.015124       0   -0.007925   -0.015124       0
     PHE     226   -0.025001   -0.020508       0   -0.025001   -0.020508       0
     ILE     227   -0.011189   -0.023512       0   -0.011189   -0.023512       0
     VAL     228   -0.011918   -0.009599       0   -0.011918   -0.009599       0
     CYS     229   -0.045387   -0.011036       0   -0.045387   -0.011036       0
     TRP     230   -0.592907   -0.051556       0   -0.592907   -0.051556       0
     THR     231   -0.046106   -0.016627       0   -0.046106   -0.016627       0
     PRO     232   -0.082199   -0.002267       0   -0.082199   -0.002267       0
     ILE     233   -2.788446   -0.011201       0   -2.788446   -0.011201       0
     HIE     234   -1.376367    0.037481       0   -1.376367    0.037481       0
     ILE     235   -0.093419   -0.002788       0   -0.093419   -0.002788       0
     TYR     236   -0.298969    0.026074       0   -0.298969    0.026074       0
     VAL     237   -3.071060    0.037945       0   -3.071060    0.037945       0
     ILE     238   -0.160012   -0.000621       0   -0.160012   -0.000621       0
     ILE     239   -0.042910    0.016476       0   -0.042910    0.016476       0
     LYS     240   -0.311058    0.632865       0   -0.311058    0.632865       0
     ALA     241   -0.058228    0.016851       0   -0.058228    0.016851       0
     LEU     242   -0.020384    0.010562       0   -0.020384    0.010562       0
     VAL     243   -0.011398   -0.015658       0   -0.011398   -0.015658       0
     THR     244   -0.009667    0.007895       0   -0.009667    0.007895       0
     ILE     245   -0.026585   -0.005318       0   -0.026585   -0.005318       0
     PRO     246   -0.008285   -0.014105       0   -0.008285   -0.014105       0
     GLU     247   -0.031427   -0.326150       0   -0.031427   -0.326150       0
     THR     248   -0.010497   -0.020031       0   -0.010497   -0.020031       0
     THR     249   -0.011333   -0.020169       0   -0.011333   -0.020169       0
     PHE     250   -0.013715   -0.013748       0   -0.013715   -0.013748       0
     GLN     251   -0.057988   -0.000782       0   -0.057988   -0.000782       0
     THR     252   -0.096748   -0.038372       0   -0.096748   -0.038372       0
     VAL     253   -0.044095   -0.024421       0   -0.044095   -0.024421       0
     SER     254   -0.046869   -0.012329       0   -0.046869   -0.012329       0
     TRP     255   -3.190563   -0.066803       0   -3.190563   -0.066803       0
     HIE     256   -2.460694    0.157690       0   -2.460694    0.157690       0
     PHE     257   -0.106828   -0.021557       0   -0.106828   -0.021557       0
     CYS     258   -0.287450    0.018510       0   -0.287450    0.018510       0
     ILE     259   -5.781953   -0.057738       0   -5.781953   -0.057738       0
     ALA     260   -0.216925   -0.033024       0   -0.216925   -0.033024       0
     LEU     261   -0.120982    0.001568       0   -0.120982    0.001568       0
     GLY     262   -0.310915    0.082233       0   -0.310915    0.082233       0
     TYR     263   -2.791238    0.098339       1   -2.791238    0.098339       1
     THR     264   -0.047736    0.046965       0   -0.047736    0.046965       0
     ASN     265   -0.064358    0.137186       0   -0.064358    0.137186       0
     SER     266   -0.043305   -0.013083       0   -0.043305   -0.013083       0
     CYS     267   -0.019050    0.024201       0   -0.019050    0.024201       0
     LEU     268   -0.009549    0.021348       0   -0.009549    0.021348       0
     ASN     269   -0.010695    0.049914       0   -0.010695    0.049914       0
     PRO     270   -0.004136    0.011917       0   -0.004136    0.011917       0
     VAL     271   -0.002213    0.010870       0   -0.002213    0.010870       0
     LEU     272   -0.002797    0.011596       0   -0.002797    0.011596       0
     TYR     273   -0.003418    0.016629       0   -0.003418    0.016629       0
     ALA     274   -0.000687    0.006723       0   -0.000687    0.006723       0
     PHE     275   -0.001396    0.006436       0   -0.001396    0.006436       0
     LEU     276   -0.000776    0.005176       0   -0.000776    0.005176       0
     ASP     277   -0.000403   -0.092841       0   -0.000403   -0.092841       0
     GLU     278   -0.000220   -0.068481       0   -0.000220   -0.068481       0
     ASN     279   -0.000186    0.002517       0   -0.000186    0.002517       0
     PHE     280   -0.000562    0.003120       0   -0.000562    0.003120       0
     LYS     281   -0.000285    0.076378       0   -0.000285    0.076378       0
     ARG     282   -0.000160    0.059032       0   -0.000160    0.059032       0
     CYS     283   -0.000135    0.002516       0   -0.000135    0.002516       0
     PHE     284   -0.000372    0.002426       0   -0.000372    0.002426       0
     ARG     285   -0.000112    0.047128       0   -0.000112    0.047128       0
     GLU     286   -0.000083   -0.045506       0   -0.000083   -0.045506       0
     PHE     287   -0.000145   -0.060435       0   -0.000145   -0.060435       0

